x,y
351,61253
344,56510
932,167956
711,126269
703,120612
473,79378
54,7169
804,140678
475,82085
1426,266010
551,88762
319,48472
296,45875
1172,200886
522,85774
184,30593
1001,179919
8,564
406,52973
123,13778
521,67605
409,52960
666,90520
143,17042
1341,189358
1103,155463
326,41162
1045,147339
1201,176682
1087,217939
443,68137
1188,195029
1280,220469
724,106958
840,158189
1269,221802
1466,226390
715,110629
664,99019
344,66302
295,45090
1497,230814
248,36686
826,125885
850,197378
491,68672
327,43960
620,100507
1235,238674
378,63461
489,112290
1257,243375
756,130640
352,53958
1144,198270
741,128137
117,16595
904,158269
836,145359
385,62953
830,141242
292,45936
843,146907
1294,247554
375,106688
45,5290
407,62244
1203,186281
987,212442
23,3718
843,165473
1291,232377
1051,191785
541,90693
1052,295520
437,70728
1293,235013
235,135793
1487,312796
463,92796
1141,219718
440,73425
1309,317220
1209,332235
1360,240447
779,150185
955,158073
911,162199
1102,212849
508,92012
572,109359
343,53649
1161,208037
838,224095
1091,261108
360,57740
605,87635
993,164498
1113,163009
882,123850
637,90977
1450,215203
1249,187110
114,23230
651,89583
637,90750
521,71156
1,94
1029,175242
228,27727
1364,209241
765,118900
1007,191845
1043,159183
886,128410
169,20995
1011,137538
370,47905
1326,186964
1134,160154
1031,148155
106,12370
488,68712
899,136409
347,56037
777,111936
1393,204622
877,123014
817,116687
857,118200
957,143269
523,68275
242,32149
1215,183978
1416,247980
201,30487
337,54065
1381,254978
395,51612
1100,163929
431,60783
861,152021
513,87071
1407,218529
482,69719
390,55956
519,87882
873,137500
733,143457
987,161042
1113,190521
423,103810
27,3051
1234,186604
1121,199128
1079,153460
218,45060
671,94184
726,113467
686,94973
1412,215641
856,162654
753,147556
1399,235233
118,16964
586,100599
145,20732
792,162844
401,78138
1401,378806
308,125643
266,38557
609,106783
330,55037
743,129753
809,130247
1498,259513
353,50492
701,113795
215,30554
444,72600
1100,170709
1310,199414
861,144879
364,52113
701,115077
99,13511
852,148409
1145,179391
597,96274
1311,213818
1154,206069
448,71436
121,17263
1482,276323
395,64497
1499,263640
613,90324
540,85160
1253,218824
404,58044
447,69751
333,54155
1104,198111
529,75067
940,148648
921,159237
983,150495
517,87944
419,69335
1421,252561
578,86868
701,107909
617,92406
247,38893
1387,217202
1080,171724
183,24064
632,99477
743,232999
483,84642
897,133675
924,151267
245,36315
1143,210088
981,173693
1227,222225
106,15000
1454,265822
787,134354
241,34503
365,47314
103,11295
482,62608
482,62600
601,81586
1028,219856
1069,166557
999,158440
228,27937
725,112947
783,136719
1400,213721
536,78476
1374,210432
1019,160994
1360,216375
1339,199418
1283,220848
1462,260337
1222,184898
72,7659
791,125892
259,38584
893,135004
1166,175913
1399,257216
1054,242009
1013,197889
771,116993
1115,187897
176,23778
1377,232293
256,42265
982,144530
89,9900
1468,222517
1022,145175
550,74710
1406,207344
1256,189515
609,79963
917,137433
161,29222
191,22993
1233,187243
1419,280612
1396,212188
176,22822
734,115477
469,137552
514,73078
1355,236765
1000,187129
376,62727
246,38101
348,51210
851,136424
292,51101
114,23460
32,3874
1357,207279
675,92299
1328,191863
1415,211999
1500,223302
286,47438
1369,207812
923,136183
203,26646
23,2012
1104,169872
31,2612
441,57910
208,28270
884,138006
263,39211
1257,219597
1366,237113
866,132140
174,27217
655,108474
1077,211874
1426,287076
111,25109
989,195996
563,80200
213,42001
334,49633
918,155430
1023,237329
356,61324
1106,184417
1188,209421
1170,250442
863,158365
1108,219860
419,73160
1135,196633
559,94866
177,26960
329,51454
1498,269900
351,54079
1482,236749
564,85427
457,73180
1375,207346
1437,211750
871,135926
1269,250271
1276,212712
881,167167
594,173059
197,42053
1186,284845
416,114439
804,146036
1303,228190
244,74578
29,2445
190,24693
944,145677
1048,216097
767,133088
327,53451
340,49100
667,121873
984,174835
377,56027
1440,243400
809,141406
198,29484
259,44020
553,104813
1246,215919
981,172922
91,11193
1493,237276
379,48113
613,89715
588,85413
497,67458
116,15340
198,27204
213,28971
265,36352
561,80597
1368,205900
986,140836
157,18672
267,34815
694,102041
574,77959
1111,164584
308,49041
1018,146794
185,32564
381,49143
977,146500
220,37459
485,65840
132,15106
874,151203
1347,225787
841,127108
1242,244988
1221,197720
89,10485
1287,198902
16,1399
1469,230992
12,894
1197,187959
1025,162663
104,15078
355,55784
563,87675
1150,180934
408,68446
1239,194171
1290,227465
47,4725
726,127406
444,77501
1437,236660
737,127538
1314,215345
1463,234895
407,116892
383,71634
861,144287
1451,308035
1070,222080
784,152677
1059,215689
1354,206814
561,97900
559,120136
527,84185
1148,172708
1477,225005
911,171530
480,89065
717,127016
570,128088
548,102625
511,110254
1233,204074
67,7154
423,81358
40,4885
271,53735
930,147528
444,59661
25,3242
134,20031
315,80875
1122,209686
676,123364
160,24122
1406,251946
148,30427
1115,200092
1467,310118
908,178574
272,45205
310,44756
290,42945
655,128229
375,66368
436,89802
403,81460
1486,236605
139,28919
798,152490
99,13700
1488,263462
789,140844
1114,228648
816,146438
1380,240898
604,107854
463,97852
397,119883
323,65935
347,56706
983,184568
812,140051
234,34561
1348,266685
151,19292
1097,171966
308,71826
1189,202073
930,179836
1412,239076
733,161924
1321,237868
261,37842
68,9149
1032,159641
360,91855
1178,230835
492,82217
968,170555
1073,190830
729,158455
1023,209384
571,80825
460,71698
141,21418
1287,199761
966,183170
83,9525
395,56478
602,88621
370,95588
261,50149
912,179465
1081,226729
1302,245905
730,128671
208,32073
233,37744
1067,197800
1094,197970
398,59651
1208,196968
1069,157284
1436,215196
651,87138
1152,170392
94,20874
153,17795
389,52815
827,122034
1055,150968
840,120601
1023,146237
53,5330
1162,180061
453,60523
938,146672
280,45399
290,35941
1498,223069
816,113585
640,91535
551,83195
156,21495
452,64100
537,75765
1169,177542
1216,202006
1389,252188
1369,251268
958,169799
957,154939
610,92924
1181,174889
1077,155733
1139,163004
348,55747
545,74890
1305,187763
1266,187756
561,74760
993,158675
1456,239640
945,136789
1142,170700
1421,213698
1133,171413
150,27797
1094,274362
147,16774
728,111912
732,117965
80,8361
942,149977
846,164320
959,140371
125,16434
1072,160682
475,61853
234,31660
503,69980
1210,177559
1080,153839
398,61271
106,12060
253,33725
789,116080
1100,168279
895,134320
264,40332
911,133098
725,112963
702,108147
332,51971
1233,187909
126,24995
1360,207471
360,56183
48,4586
379,51913
706,149149
327,57715
1070,189919
38,14237
258,31396
1018,221201
1380,249328
427,67148
1087,172368
340,49883
1007,190051
449,57513
244,32188
882,128678
1399,223817
488,65204
482,68952
32,3683
353,49750
1080,159209
1119,160754
790,112958
742,113308
848,117967
437,67048
385,53712
542,77029
1364,200065
845,117698
924,162832
670,142532
581,112062
466,67892
16,1727
82,11249
787,139657
1321,227348
1112,183874
788,135982
710,135277
274,44769
705,120143
349,54950
1051,165605
1414,221870
1013,160529
609,93048
674,110693
172,24558
1334,237951
1469,290958
883,152847
1236,208583
218,33798
1429,316242
808,177822
1341,258445
726,122156
1137,204125
1295,233737
1082,192917
935,153056
429,55848
178,21942
1007,153528
432,56146
608,86657
1086,169775
1320,197796
126,24605
116,13206
1340,202628
876,122763
13,1335
614,87507
110,15523
856,132324
173,31488
361,46559
68,8298
1103,185674
959,164967
992,165478
875,133773
1283,203148
1426,256474
1171,223149
303,47990
526,89263
1308,232543
510,81556
887,170686
437,60689
297,49376
1225,194859
153,19252
1231,202687
250,78320
908,140124
1487,225161
1454,235620
1488,223117
1311,195456
861,123243
628,90186
40,4848
864,128192
1369,276312
812,124424
956,139771
1249,224577
467,62368
1213,201742
1123,231208
971,168037
389,63461
234,36824
626,109573
369,60762
527,88045
506,90819
41,5936
265,43123
728,129589
657,114067
524,90241
8,839
1393,253253
1363,207501
1235,185162
1483,221751
184,32240
205,28184
930,171532
596,96868
1334,227094
310,44301
379,54603
1494,256877
22,1983
921,174954
515,87690
854,158441
680,116372
1448,231953
854,138569
974,156172
479,77399
1229,195709
1363,217184
213,34773
22,2520
1229,188258
124,15616
709,112080
794,137603
1149,185549
751,124076
1244,195374
1105,174698
1019,160349
339,49463
331,53519
525,96025
664,106977
565,94374
1148,179149
259,37381
614,97738
725,119516
641,102775
924,149422
1370,212030
1133,180875
533,86656
1147,180758
304,50080
436,68201
385,56618
268,39256
533,87208
730,133041
389,65811
1059,181423
109,12440
1380,230264
1112,204558
619,106050
1041,180179
20,1805
550,91817
668,110715
1367,219424
1172,193161
1091,171406
1175,176481
1012,151280
850,148420
60,6121
401,56355
1403,247961
149,17346
1334,222382
889,157061
1350,230061
632,102845
159,33776
1060,167927
1130,186086
1441,251993
1018,175994
1272,224991
798,119182
944,153422
1375,208432
1412,241240
437,62890
838,142026
1139,182090
81,8897
1411,217605
579,76333
775,111357
899,125282
1250,183731
687,94937
925,131641
1396,210750
117,23956
1290,195119
338,52825
183,21371
1119,210522
1158,219880
335,54324
132,37023
499,101165
1266,238217
1217,255597
256,39330
976,171025
833,150165
1278,229275
965,169676
398,153916
1016,173334
1097,239570
1299,337160
103,15798
1441,278769
54,7208
672,114199
1400,247640
1037,233288
538,102044
1003,192965
855,165000
1246,227614
314,50160
1306,219587
1143,203424
721,134905
1028,168082
230,40599
577,94463
1336,197574
613,80963
1178,174617
1096,157314
520,77035
1141,171674
379,59540
276,35578
639,89839
356,48046
1460,213238
325,51028
643,90816
53,6223
604,88478
1133,195594
43,4614
449,74321
685,131566
252,42731
1495,229979
919,148870
537,72145
1021,153365
387,61467
614,88910
147,19637
1012,151536
1361,205291
868,122057
867,134118
476,60981
1274,190162
185,32501
551,77435
1316,196542
1232,204369
1399,237117
1075,156530
437,89785
838,132318
89,10275
507,73636
2,191
1216,215663
453,67512
185,29341
1220,195432
165,25223
688,114295
317,51797
339,51578
170,25876
129,18453
744,116283
1475,222432
1351,234999
1020,235220
586,100217
913,160627
786,141051
558,97098
722,124521
882,159908
600,99563
1333,261236
211,26786
411,60420
34,3358
655,98644
1320,210703
1355,234325
195,25627
1308,199713
1329,206311
311,44505
249,34483
618,96881
880,121787
905,122671
929,126659
1000,136456
1096,154946
321,40294
142,16239
1218,170685
1117,155958
1014,138201
765,104716
1392,200799
253,31721
631,88052
1001,154070
1024,144202
546,74306
1156,172706
1440,217158
799,110029
1201,176395
1252,187279
1317,212045
92,13428
615,120552
1070,201347
905,163806
1194,206532
1383,266551
1268,257041
6,528
11,943
916,139962
27,3456
894,158322
1066,216390
283,52647
713,129867
1272,223793
863,164141
41,4970
407,58909
1071,198919
49,5311
633,95687
638,95634
1086,216710
560,120024
1233,207870
917,197640
643,119112
1304,235086
346,58697
47,7463
548,104554
78,11506
928,181794
1463,256313
1292,238834
1466,264004
1400,259113
646,128780
829,156233
620,111492
317,49050
1091,178885
557,93307
1404,210804
225,40465
957,155569
303,49801
654,94962
652,100589
1029,150956
373,59322
1459,235356
370,61250
393,93775
577,90926
21,2417
774,114814
612,107160
1408,209319
95,20821
822,120831
1497,285307
1233,252638
227,35831
1260,225540
492,83795
327,87064
948,168365
314,56028
58,24802
1245,232647
134,19616
23,2806
1065,175116
669,105379
77,10279
631,103792
20,2105
61,6875
1016,170488
77,8718
877,140656
775,131668
490,71880
285,47977
482,76906
1256,201490
1392,230954
402,65955
967,182883
1421,229533
1270,190073
747,130796
807,141042
263,43041
452,77440
424,72453
1324,220545
1202,222947
870,184990
191,30458
712,168858
1249,200910
1308,218723
268,40626
1029,155554
787,128065
811,123345
1075,165438
663,91167
1405,204645
1198,180992
328,51211
529,73837
932,139957
716,109532
156,18371
986,147289
706,98079
1233,178138
1004,189902
772,164929
509,82200
1060,180028
1380,213851
681,110883
839,141093
229,33068
643,94534
911,131804
1263,201529
1083,189982
84,12013
650,104869
921,139858
1320,234285
614,103586
1366,210776
67,7333
1363,245045
222,33374
581,100754
1121,178996
244,36017
646,96780
1459,233571
1164,197462
461,66314
1154,171927
168,22566
792,132411
1464,228963
529,76834
85,11824
1320,225813
773,125888
835,137017
1010,156280
23,2117
478,69738
449,67174
118,17116
908,156651
926,170053
1428,260232
272,37150
708,124128
826,126364
1480,253930
1218,202713
42,4030
336,46873
594,93944
1229,249391
288,45594
102,14880
883,182804
465,90440
1050,204937
791,134631
269,41917
872,152561
661,117645
517,85115
1206,202920
768,116154
453,77167
512,78186
1465,277836
1192,198844
356,51794
1234,202205
888,145992
1038,155493
543,96455
620,110733
882,149215
832,133444
1072,179157
890,170007
1002,168745
921,155468
803,138619
681,110754
711,99970
1372,201829
288,42362
121,14102
502,83326
896,122069
142,16971
66,6781
949,149908
1161,292479
1006,242865
1353,380748
1418,291234
20,2315
877,191836
909,213614
868,186118
1105,253620
1342,274452
424,110267
495,84617
83,12745
1306,218879
119,17803
807,136290
692,112435
457,86695
828,134454
945,141799
31,2839
283,40835
818,135005
1378,215531
260,37491
1395,223045
116,13982
419,59951
940,160357
1054,152727
643,95757
99,14055
588,85523
539,74854
505,70893
657,101629
972,140841
811,115585
754,114207
1311,189968
127,25181
1145,169070
104,21843
18,1477
1192,220681
1210,235184
641,115759
560,108570
894,134418
1188,179780
666,92031
30,3539
1147,173965
809,114059
93,12134
413,60422
204,24636
587,84750
1078,162229
1200,181234
1247,186305
985,141125
627,87705
823,125468
385,50517
420,59351
760,106390
366,46247
140,20097
125,14955
647,94027
41,3945
506,69259
502,70265
403,62290
782,135941
1251,219457
328,52200
320,47001
576,112544
158,21898
1051,239000
110,12988
622,124309
1007,164241
69,20880
1414,237201
1058,199172
80,10920
215,34537
478,77308
775,140151
876,141536
21,2457
1194,268750
44,15021
1194,296539
1390,258849
1077,224690
456,72978
518,127198
708,119616
1430,276344
137,39543
266,78186
1272,219018
1284,271937
518,84667
34,4158
179,22247
738,127482
1015,208476
971,166372
602,91409
280,59000
575,121665
1312,227479
1199,240967
1388,230408
794,137367
520,93450
72,10793
97,13708
843,135703
1022,183055
288,54683
1342,211442
749,147445
750,142418
716,114775
1268,191485
947,138402
1168,175778
1196,180179
894,127295
1022,152522
363,58114
84,9210
935,144086
465,59972
1200,181644
1133,161904
1189,178655
1390,209127
1476,221759
716,98836
657,100770
1384,222393
957,184826
292,45562
83,11893
436,66090
482,89479
600,96966
1292,207717
116,16316
877,176914
873,157448
526,97731
202,27997
265,57385
1150,178820
44,5013
1482,250724
1500,241930
1177,190464
1159,175140
628,83267
1145,168370
396,62304
964,139775
970,138281
1447,218718
146,27590
596,82695
408,58549
1368,207858
1498,270916
1021,183447
571,104968
1022,170241
480,99677
238,33559
1159,207193
518,91003
1071,183109
1474,258950
930,171668
1005,178621
596,99301
1395,248717
946,154879
730,139191
859,142151
826,133349
1405,232620
532,80825
205,27730
1360,199492
529,84402
433,62419
1219,191410
776,109137
1320,192659
791,111125
1204,177812
847,118334
634,89603
1389,246642
1397,229544
73,8476
663,113202
33,3950
924,164929
184,24900
570,96512
56,7522
603,87558
1047,143993
892,122432
932,127332
1409,203834
464,59998
829,112203
281,35985
1037,141432
47,4986
530,68485
614,81838
1055,145572
497,68443
765,113464
530,77740
1344,196327
814,113961
358,49239
1398,203229
1094,156694
76,18066
915,141273
309,78804
598,123660
811,225540
520,78241
671,141452
783,148010
376,72758
1434,238372
733,145855
266,55976
421,80053
1315,222883
839,149735
269,39581
1408,228205
1373,239001
1454,239771
323,46244
794,136890
1359,236288
1263,209170
394,59981
1274,201675
1379,240047
178,28453
1068,173147
485,84697
604,121543
1491,260207
1025,176342
1338,230813
959,168235
99,13939
789,158323
1140,206721
288,54108
1010,167425
818,163188
1043,272037
1074,216991
1473,268226
1092,199303
956,208385
590,152228
695,168473
118,17470
869,151635
898,171583
1244,214465
773,176098
1010,269473
1061,196487
698,145135
602,130013
1024,251358
1302,251001
1023,205763
803,161328
1385,307118
86,11045
1463,273075
1189,272168
882,177812
1232,221389
591,99907
914,186756
1246,249653
1181,233362
1005,183985
216,99495
1080,208774
1280,239205
700,175715
1299,247411
363,105393
1324,196557
1366,283683
377,116323
131,57928
1032,225531
84,45580
118,16545
1047,219838
1329,286796
1318,274513
1417,272696
196,31361
1053,213779
829,157690
365,85394
1010,198425
1491,272120
1023,188808
603,135968
332,90223
167,22935
210,28144
1250,181542
1388,237816
554,206215
300,93972
308,41533
343,47690
614,140253
767,223708
517,129952
1160,231945
941,178243
1383,270717
895,193661
607,192545
1394,249224
464,83096
1055,160702
372,48183
1027,140549
916,125710
92,10216
172,21071
262,32387
693,94513
96,10536
919,125683
1167,174883
227,50116
136,24513
662,146883
1268,252873
955,204428
738,181792
1383,262607
1097,230582
733,166774
738,149579
1417,233580
454,83721
1126,198774
75,7785
825,139745
817,128240
1124,209240
519,98578
494,105538
1432,250761
749,180729
1359,259865
1168,241001
418,95269
1424,212556
38,4227
953,141359
461,177621
1184,204688
1072,218557
157,32665
354,75555
1119,186199
1470,272161
82,19663
557,157886
196,27790
973,189664
1479,261518
1010,184982
1248,227841
769,188146
1457,281605
871,202506
1026,218504
183,62763
540,118529
694,183610
562,140291
779,132705
405,54678
616,97020
574,149507
400,76169
498,91185
15,1579
1177,235932
735,147595
1016,185999
38,5125
694,142022
166,67525
159,19320
487,67024
1176,172663
1020,215166
1380,262793
1321,228003
377,169517
1285,189579
545,135839
298,68601
809,140666
1462,253755
889,209856
221,67931
1369,290683
510,92597
387,73406
846,165632
1095,201640
1471,269154
241,76669
212,28707
1450,218432
711,158169
277,65923
152,45263
996,207254
497,100630
36,13750
556,128155
349,91004
1203,178666
979,255042
886,192749
637,144297
569,137121
1428,236774
110,15514
883,185529
608,130521
25,2851
118,13852
1219,237916
611,108270
274,46451
889,152382
1203,217255
246,78150
644,94910
281,76855
461,93739
1261,224579
1160,275470
531,133309
365,57425
1454,245917
713,147540
723,149441
1078,264635
1035,221839
1025,226352
1099,200150
306,46620
1033,172921
88,12922
618,132673
832,160772
1367,240972
1130,196512
284,76025
1292,218993
485,132035
168,24178
1012,175361
170,62939
89,9999
517,113485
1138,235689
693,158881
416,101582
990,147034
451,105799
727,114094
1208,279364
1289,252947
695,131105
572,103677
1205,233959
1003,199699
48,5871
446,62605
404,58851
1276,186900
978,218507
1064,207700
391,104148
3,257
179,46683
248,57166
597,153128
1217,205670
1286,245153
756,190541
808,193115
398,111633
512,99604
1198,218192
572,91385
1500,235852
543,140095
50,6532
34,3164
32,3087
698,145836
1265,250122
295,76127
361,83846
430,187759
1099,188599
430,95602
234,30168
697,109968
810,161735
1354,262371
167,134173
1327,197697
297,66926
102,30764
738,148498
812,147637
1359,245835
564,129055
46,6086
650,92179
694,148987
1252,221565
715,221865
840,185345
1307,242297
256,79076
355,48781
940,139245
528,153811
1092,165324
1132,215506
1426,260871
1427,309815
482,75315
301,58104
1310,231136
1028,190242
374,64874
1328,286114
1225,199791
1277,216424
927,197361
916,196264
1385,242752
1443,261180
548,139647
972,152571
1382,243036
1484,338497
1326,240792
1116,203584
810,156405
83,10705
1267,226083
396,60737
237,41990
407,52651
1066,147630
108,12437
40,3895
171,20637
229,28302
1037,142166
560,74209
569,74879
297,37415
1110,154472
920,127342
976,133730
41,4107
496,63042
194,24077
1333,190600
287,36065
1085,220661
465,98850
680,148275
1292,224764
1147,278054
418,110274
191,37947
1404,242088
1473,265960
654,107307
1304,257919
395,64505
132,20840
387,63030
918,158673
1236,291315
1194,215133
1447,236696
1296,239583
1260,223260
477,119234
178,70660
1026,193664
271,79337
753,110199
1114,231605
1194,234511
1351,315645
18,25844
942,175955
690,143095
41,5263
834,186067
407,95865
1459,279005
942,152796
1077,178620
543,74902
17,1773
1193,255603
1307,232478
1414,297305
551,109283
962,180435
1365,293913
187,28950
245,78813
103,15354
1280,206661
994,205679
605,119877
832,188804
686,160542
603,110274
1426,302292
42,14223
829,189789
996,162972
212,28942
704,147093
1115,281119
551,99817
639,128212
1069,218283
447,82080
1358,230101
823,152859
1436,245908
876,164657
320,46966
80,10638
519,114777
828,164425
761,182625
806,179193
771,152535
276,67100
1242,224141
490,149373
857,178940
1197,215504
90,22391
622,105829
1309,227605
1224,246643
560,101110
512,104776
749,154270
1058,206583
291,83789
1116,165264
1002,264643
139,63944
682,148471
760,175378
730,160729
995,186053
949,207854
961,202626
221,71440
1241,217054
403,100042
1102,188912
463,90927
408,77965
103,14300
1058,193341
1078,194936
1439,272357
1367,251804
999,187889
1017,251832
29,3181
1233,226962
1247,219898
817,193178
624,188521
359,55424
633,109157
1163,219972
567,122500
1216,194547
494,93949
357,70475
385,60524
888,157508
202,32882
1407,235190
546,98905
11,1294
835,178028
1354,237262
1263,296226
651,175188
188,33718
687,134204
419,68333
106,14122
502,103051
185,41232
515,94619
782,134333
1383,230360
721,124929
15,1587
150,31210
850,153009
284,46803
949,179532
147,22412
1033,185341
1196,202764
1098,192604
117,17652
807,127569
885,150025
345,50646
359,52083
489,72159
1056,154364
1068,172817
854,130200
791,133956
73,7956
196,26946
379,53503
626,96310
980,146659
1302,214609
581,118942
1092,188789
581,76790
1028,175495
885,149953
65,6679
169,21261
1350,220336
1192,192096
661,107905
1306,198551
540,120264
1090,210225
350,59405
203,31401
371,56721
1100,172951
384,102688
1114,189876
1008,175375
834,141992
126,14385
839,159500
738,128500
981,164221
63,16717
1283,228118
585,89275
1339,217709
1034,178935
1019,175250
1462,247655
173,30945
1337,249278
1067,187796
968,171590
503,85468
944,150923
261,41374
276,39005
1438,213192
798,163447
625,112734
202,34834
473,84040
343,96751
393,63232
1386,240478
979,166206
350,55863
506,98555
511,91788
693,136415
1001,164246
725,123579
80,11045
684,98473
991,164678
62,16730
1462,259083
1214,199396
972,161432
709,107799
402,60545
416,63044
500,73254
191,28201
1133,189047
1349,204520
751,124665
1467,221451
125,17887
192,27760
1266,199022
811,121245
1212,201085
523,68776
1011,153549
290,46597
916,172682
1099,187545
282,44842
1288,223317
1310,216027
1088,225465
1268,206055
1435,233736
307,43925
1160,178003
206,56686
860,170591
1129,193073
1368,221996
932,157406
1113,190919
777,133678
365,73304
868,143188
1394,231423
1073,190890
1404,232272
649,112733
974,167052
1194,254646
1297,200390
597,89360
360,52903
86,11696
1212,184128
1157,208125
890,153280
1091,188147
1049,180966
965,160742
549,72313
1301,194850
1391,230656
561,74936
872,136422
709,124562
224,28478
958,154026
108,22712
37,4054
810,151047
810,147806
746,140747
1240,230697
1020,185802
1064,181166
1293,206687
643,119907
801,136243
664,117701
1234,203332
1248,208554
948,160935
795,137649
304,41161
142,25958
1309,212471
1118,192895
537,70210
759,129000
553,72751
853,133824
1095,187963
885,179796
1146,185770
830,147186
655,127256
1326,218302
514,90432
992,174850
185,29002
1002,167699
539,108036
476,91883
219,27369
861,138698
683,126188
1313,193659
180,23915
623,114652
779,145834
1017,176207
1331,225421
192,33758
46,4569
682,138064
1050,178010
971,190794
761,132485
506,83947
1124,174886
432,71500
1491,236376
144,18540
485,70038
418,59654
1208,183560
1424,239046
998,185611
983,163208
1437,241619
69,17706
474,62031
1321,199126
727,125692
1269,210636
841,146458
673,128393
492,92875
205,25226
50,4926
536,115017
1245,216941
494,85171
604,81575
994,138565
1052,160972
724,128357
630,108060
724,127496
1292,201151
744,128843
476,86784
284,37072
974,164994
405,53049
999,181259
493,63810
351,84735
991,164740
792,137990
1230,203390
1037,178172
97,21360
424,55630
314,50682
725,143299
879,153084
721,115835
719,118511
965,146119
1229,201948
1106,165799
1164,187860
135,17018
723,109238
168,24367
733,120449
1092,167188
330,42429
1179,189750
389,50486
1241,185085
1263,186040
737,110142
724,132926
722,124388
323,40450
1367,222220
566,76685
198,49398
919,158621
1404,234055
1196,203630
1179,235437
1488,262367
293,45538
679,115931
36,3382
715,105224
1395,209503
165,22095
389,61708
85,11197
425,70486
824,137590
1292,192541
705,115666
1482,234414
217,31477
644,128935
1175,181162
330,48565
249,38845
1396,222325
1139,172024
137,18445
78,9579
1404,267607
1308,201032
646,149424
505,68016
408,82980
783,141852
1100,190880
384,49244
244,58921
1180,241453
500,104036
746,193837
916,164864
898,180637
1011,176851
726,127662
983,173000
1448,251919
200,34892
958,181809
255,41715
961,177923
480,62204
1154,194688
16,1164
1458,240896
897,153720
1247,209726
1403,244674
769,157434
719,128593
933,166444
213,36703
556,114753
137,15546
1039,216061
416,68765
1277,247150
1003,155910
639,129053
1233,207366
257,42910
37,3713
97,11371
250,59378
941,164457
628,110558
299,38636
173,48238
1063,176709
1025,174859
657,115392
1095,180641
579,75674
320,40108
1434,207719
445,58228
540,71607
114,13052
15,1132
157,18362
626,82369
1110,154995
577,76193
1274,201084
541,96298
548,90243
216,30584
168,25235
781,115986
719,98587
96,10375
1236,200265
564,84220
413,61503
371,55206
95,12269
396,58289
972,144352
1478,247853
1324,240875
1121,193119
1249,210136
36,13498
1224,203555
122,24270
476,75117
449,86992
1259,208285
43,14415
1012,174351
1323,219348
183,32286
362,46051
785,127096
1288,246292
1225,244840
1226,219882
489,91534
891,130777
1172,243816
307,42678
1335,262453
1376,296586
49,7956
1190,212105
119,17251
447,65131
1318,252889
948,167981
1378,252595
1059,178520
133,16314
1238,187621
1364,219456
878,133583
9,904
1487,248880
1316,197386
428,67566
178,26937
1183,184133
1345,202484
48,6202
796,281197
1016,171977
576,86741
196,26798
1269,186115
859,144744
1423,218537
184,24540
393,62646
480,81694
125,17180
399,64065
498,82049
657,112099
312,45910
961,154791
192,27360
91,9762
1266,190440
1329,212120
34,3277
1324,200463
970,162176
729,108957
101,13979
122,14395
44,5274
751,114147
618,91782
1290,187476
1077,175564
859,130415
90,12413
720,123089
1191,189960
1446,219629
1231,195697
678,99760
355,50218
1326,199246
919,153394
438,62325
707,105847
417,59022
255,39109
1216,182322
698,114169
1247,195652
1435,248051
365,61595
749,113570
544,90344
895,157831
1176,179833
637,102927
1484,238837
786,143020
842,131106
841,127352
357,55148
658,113964
1352,203518
391,58575
511,85654
209,31752
1330,208084
1222,184863
1409,226535
1429,215955
1117,183305
567,83167
250,34212
977,140860
915,169709
396,51840
453,99817
821,149147
987,173342
1184,209985
639,111518
1442,216918
311,49646
677,130010
128,15228
488,94076
783,153613
1253,215842
690,130829
207,34185
397,82451
554,112117
1343,228838
1268,214911
693,109848
1378,212170
255,62823
18,1915
576,117515
1160,206998
970,161662
452,58160
643,126809
62,16649
1299,213687
693,119976
482,88954
738,135003
266,43935
917,189597
1283,223567
1478,273172
1210,255427
1053,241478
1121,180707
887,186866
1305,260057
683,116765
381,87062
604,117748
1121,219346
751,171247
721,125424
1491,305049
149,22879
1294,231665
582,99073
1124,186991
28,3409
1213,213520
17,1814
1385,258782
536,71755
748,121024
250,40769
782,145400
391,59055
116,13144
31,2835
828,128515
1154,197723
490,63543
432,112108
650,114239
1003,175668
1404,234924
483,62599
667,135942
1151,194810
759,131024
634,108568
1109,176804
267,33222
437,87560
1089,207092
789,160157
461,76253
629,112344
1226,203835
925,157231
679,117959
78,10638
254,39952
1472,239720
749,127919
1417,225800
181,23869
141,17392
683,100723
1397,208475
985,164696
177,24503
1300,194759
1092,203417
106,23154
1332,235570
1444,236058
303,58174
1080,196350
810,131943
633,114699
881,150851
906,159915
1397,231890
621,99352
350,52694
1150,201131
1201,208716
142,21572
1074,160493
1451,239920
251,36594
1437,218347
211,28519
1167,191318
267,38151
663,96470
1407,206442
398,104094
1090,175366
199,54064
1443,250913
770,130642
481,103702
936,164184
320,53446
1038,190169
572,77163
1049,189047
1084,216106
540,92491
1484,234523
718,112933
1019,203949
540,72265
1240,187931
881,149234
374,57771
818,160747
293,47829
98,10802
1358,233206
1016,175440
289,46850
170,20360
1485,239835
856,144476
136,20425
1383,206808
1025,188579
1118,194400
39,14119
878,151724
1058,217329
961,171977
958,162378
1422,258955
205,32079
346,55124
1251,210167
53,5636
346,47656
1053,159494
384,57910
355,58080
303,47246
632,105587
535,90186
220,31711
1365,207230
1134,206639
1051,182157
575,75630
318,42287
143,18643
1498,253050
1094,187566
717,124797
685,126070
29,2575
770,130252
863,151669
660,135720
229,34577
79,10961
519,85729
1168,190979
231,35461
1259,201916
82,8577
818,123927
1224,178351
29,3364
968,168358
1147,172962
1368,221012
435,62037
74,10110
287,38661
638,93200
261,39884
420,60122
179,26020
1311,194888
410,62408
170,25419
391,63921
165,23846
115,16842
1178,182761
1247,186066
235,32071
1158,197307
861,132335
155,22717
1029,153900
877,146112
421,60086
635,95331
82,10883
857,130185
1157,171694
1292,206018
811,123620
1217,179763
690,114313
1495,224537
169,22555
400,65009
122,17998
1120,192886
752,111338
1159,177182
18,1793
917,191291
1425,239804
712,124619
770,142665
435,57545
1259,219892
696,121675
107,13078
1132,198075
662,115980
1208,243925
597,98686
835,128170
827,157683
1180,196008
596,141091
283,43823
1306,227710
627,105087
755,133243
982,165437
712,125724
724,108199
391,59878
145,18529
610,123808
1081,201946
975,168873
441,72249
1298,198655
251,35072
761,138747
1211,207449
391,50824
1268,220727
742,127792
1408,236060
1298,217021
423,57283
1058,223936
1484,244629
1186,215320
1206,196997
1057,203546
328,43319
1378,243396
99,13065
1455,258757
89,19983
687,132594
1120,185973
857,145524
767,138957
765,128830
394,61732
24,27803
991,170805
737,149961
1337,218157
638,110779
86,11067
1383,234800
737,141136
1241,237028
1378,243964
549,95499
1155,203792
95,13883
1305,217281
674,115100
782,133830
574,97910
749,130624
1195,188449
1305,232456
816,155010
308,51108
785,121457
320,40520
748,102123
501,67442
801,109361
1343,189835
772,103395
1115,157036
781,105837
1232,173363
1025,141458
663,88284
363,46829
445,58913
736,100003
1449,207383
834,114299
1083,151898
312,39056
18,1369
1208,168882
635,83331
209,26498
239,29696
930,127032
1315,184938
1033,143002
1382,207821
436,57523
1061,191583
718,125838
29,3336
255,70453
361,74607
337,53785
1144,188679
1479,244839
867,174712
1480,258710
453,76598
1486,229725
624,94450
1035,153645
1482,241115
102,11315
646,93478
434,65338
311,46412
497,74872
770,114290
1140,186465
908,137289
1094,196704
635,115852
728,117636
1043,181765
610,108692
1388,211452
104,22154
1263,220067
872,149654
1230,202395
893,181104
1296,221960
749,141207
678,117355
97,13936
1405,240580
1176,194440
527,88488
1427,235987
78,10666
122,18320
892,146415
1320,198044
975,159825
1436,222819
903,183587
729,129061
1265,198715
464,60036
1153,203726
1377,228963
1308,217495
962,162362
258,41784
779,169753
495,81239
455,76572
445,75745
1396,239995
824,152133
705,112646
1191,181147
1314,215120
1048,157810
7,688
1085,184114
1047,156345
805,137648
320,46150
464,66039
68,9069
273,38325
137,19368
949,142110
237,31548
1441,237952
801,118200
724,111331
1273,196972
752,124320
956,160528
1359,205463
1185,190799
616,91697
413,61845
23,2557
520,76003
841,126884
1207,217401
1026,182509
293,48190
1197,212943
680,119700
959,164318
975,161241
1411,241953
640,112265
520,96820
294,54178
804,165509
440,74491
759,111074
405,62144
628,108997
770,113955
802,117594
823,138227
229,33568
1100,177164
1408,246396
684,126840
105,21837
139,20921
60,8128
703,136965
129,25526
1236,221066
454,59988
925,170662
286,46359
230,27991
285,63818
1125,177751
1488,245384
1480,249496
1070,200336
1416,303023
234,33493
677,175356
1130,189723
515,95380
708,123729
933,154338
437,71536
721,127066
175,23559
394,87847
880,131477
550,129145
487,74716
809,159711
1163,200524
947,158801
385,60487
861,164969
1404,233363
55,15791
1487,242104
1436,243245
387,59324
1227,214971
59,16474
1371,225638
621,114326
238,30975
832,149956
775,133064
197,29580
1001,191519
231,35707
476,77965
1480,235964
1135,176083
575,86186
273,35440
340,66200
663,98817
261,36852
967,161724
1013,152001
264,37304
717,126758
1081,163485
762,127995
485,69788
362,54289
1148,169238
452,72052
1114,172230
1162,174736
1492,240721
1100,167229
1261,201860
533,78189
1285,186970
874,147549
812,123936
381,54655
1124,168258
710,117348
1147,190128
1363,201657
340,49544
1382,220769
1062,162381
1074,174681
825,126760
1433,216348
385,56946
1273,208090
932,142849
1500,240913
116,14582
1400,213719
906,150854
108,12300
890,132022
632,95839
774,117895
626,94044
561,88233
752,110582
1343,215615
1195,180770
664,107996
957,157446
422,60440
12,1029
990,150115
303,45509
772,131043
1273,190715
252,35943
823,139649
494,81415
582,145170
679,165059
1397,247253
610,93228
82,10782
486,103164
117,13098
649,133077
363,57240
141,16567
186,58376
1438,232292
257,42269
1033,187647
773,141092
540,90588
573,83931
1315,194291
990,162947
101,11841
1301,194250
1136,184174
449,63400
491,71481
838,131167
908,160974
1205,206808
582,77425
1192,197720
264,43454
84,9233
1008,184260
1150,194348
1013,167010
1442,241365
1168,197616
1126,191353
780,164969
966,177537
4,287
646,112398
1327,221490
41,5072
579,91467
1488,230013
323,47360
562,95881
1202,214803
468,67834
1407,212770
306,82450
1170,195729
1064,183594
285,45754
322,52781
719,132138
348,55309
560,112306
738,142271
348,54618
1251,217019
777,128300
280,37740
855,132571
1023,186619
408,77746
512,74316
464,63917
270,42723
1128,190760
1245,217284
1172,203923
612,116067
337,53553
247,32121
1299,194766
676,118721
225,29695
475,90258
989,163165
228,38608
259,31614
415,92956
1239,203575
1208,202616
1480,244449
1256,209626
33,2960
570,102800
377,75905
834,139831
1019,176432
283,67785
1201,207793
115,27237
515,80613
894,157670
1480,243639
1474,223985
1239,200970
264,38585
155,18647
1139,170999
991,162285
521,73359
245,33496
1395,215806
667,108473
1017,152080
571,92146
414,68418
1442,225002
1121,170921
39,4734
468,74765
1266,209633
1040,156199
206,28361
1247,201844
779,118373
568,85839
1215,185779
598,95470
1408,227064
309,44056
1495,228117
1412,229265
504,72997
621,90254
1002,162416
509,70450
291,41964
478,70083
1262,192880
828,140568
1477,223920
1326,211105
610,91646
878,168111
346,58841
1247,192518
1446,220677
825,140957
127,16194
458,66917
1494,227349
1035,191624
896,153850
1217,207078
481,62767
863,163825
1429,237460
849,144106
142,17247
708,134178
867,190173
548,218543
1498,261471
382,51738
219,34620
701,136153
217,50221
804,156338
1132,227930
355,59772
1240,239336
697,169839
1000,167529
183,44563
1317,252084
236,53477
715,167410
1059,178793
14,1156
818,138965
389,57219
464,74059
51,7988
1282,277990
307,38701
261,42990
1208,220800
444,94497
1364,262547
1251,213789
152,19667
92,11271
1070,161971
440,67598
512,85186
1307,196205
1002,163265
247,35307
86,9636
384,58127
588,88488
539,80301
1005,147200
725,122149
922,158362
1258,210409
963,160936
707,124653
1108,182362
1131,194145
810,139967
660,124209
800,137796
278,35239
59,8698
264,44736
669,103175
206,32345
186,28466
126,18186
586,100050
1409,224432
101,21294
349,76416
748,137279
1306,216970
293,47516
429,94780
1113,170794
1076,188721
1190,200483
783,137147
871,142990
1209,204300
930,155883
768,129997
1481,238295
1165,201970
966,162954
996,251056
5,994
531,106393
1358,209416
35,4337
1048,193958
514,85117
1172,202023
1065,182653
1144,193937
243,40855
371,75895
889,152167
1013,174610
600,92842
1258,198871
898,151447
227,36853
231,28022
619,121956
893,162497
700,123880
359,76720
991,169510
1278,233128
7,965
1231,212638
656,125740
1279,208778
1373,226954
501,66159
1226,213039
272,44357
746,140458
1096,203706
505,65319
918,156954
699,122137
371,77459
1328,216680
398,52100
1005,185199
1307,217898
767,132339
919,160040
1339,286014
149,24385
163,25088
675,117275
1076,179641
680,138066
1281,217722
1327,306164
644,99513
330,52785
807,127268
249,33548
961,146117
1295,229161
791,136566
117,29251
676,123719
3,215
110,12257
1219,215379
171,30488
1328,230845
1099,195626
1154,361559
864,382479
1170,241191
1066,218667
1182,201600
1123,196421
1240,221553
1229,209175
968,174848
722,141252
357,46622
141,17542
1035,158437
773,149503
510,100570
1222,222520
936,155620
308,67832
1143,205833
246,34007
718,126439
591,101045
1355,222196
306,47700
286,45239
1473,287650
391,56904
1126,217783
1130,181010
844,156199
1009,202115
886,179087
927,156125
563,76132
1417,217983
962,196079
446,58196
1384,250983
1118,207772
407,71514
655,103030
1005,147957
954,176211
903,157045
13,879
1313,222319
939,156987
1305,228173
1312,217809
371,57891
443,98773
389,51778
909,169352
322,52516
97,10979
579,118706
694,121703
818,146536
335,53256
838,162152
630,112540
1008,198124
1234,236970
224,34751
991,176200
613,103920
164,24046
96,10785
1291,193091
585,93956
461,76807
1227,201197
1444,255772
769,132905
305,58249
1118,180429
680,118619
1321,231764
1327,231304
882,151290
333,52551
610,121299
750,133242
738,122561
1374,277319
122,16606
894,145570
710,106202
40,4719
233,32120
900,134320
273,38858
272,41616
83,11402
1093,178513
669,126273
903,167515
264,42982
534,108967
1032,180755
946,158920
637,115630
1190,169801
223,37770
974,180562
1018,174530
633,114554
645,120893
116,13311
811,148303
237,38946
1108,201482
1151,191688
569,96849
546,78945
980,149233
924,155441
1038,155725
796,135009
999,147821
632,103648
921,151080
292,51223
361,73493
638,107945
476,80336
1286,207993
352,55245
636,122820
1057,177879
1077,187686
1196,206727
1026,166139
1393,244167
967,178263
586,97821
65,9806
391,66594
659,109153
985,152196
945,156407
207,29192
115,12969
788,120854
1383,223245
1079,173252
1349,235695
752,131011
363,109365
858,157903
1202,201361
1445,239195
473,62992
904,169697
386,59882
18,1581
1433,246209
555,73277
33,19485
420,81215
880,185455
741,122361
1006,175320
776,117342
1309,199440
167,29450
835,152989
357,45503
222,54139
245,50444
998,168400
1439,245812
1436,238615
404,51958
800,156525
894,150398
1329,231890
223,37141
1161,206553
610,92885
255,32833
970,164959
856,144837
403,62634
1398,267398
912,173079
210,32716
1271,195759
312,44521
556,80495
908,136747
1055,171744
1165,176564
1469,302072
1107,198905
701,113053
202,30924
827,141972
431,69589
1259,225566
140,20942
1213,204835
19,1875
202,32460
467,70297
754,136869
1375,287825
1139,413145
98,14006
648,105629
127,18765
1415,266310
1331,320305
1285,282443
544,127684
976,209633
1149,194360
106,24660
175,34322
265,63109
1496,257323
641,179169
450,82724
397,55287
1273,186235
1336,239076
148,47360
343,66194
439,110483
440,70378
213,33247
215,32753
1425,239656
46,5637
55,7222
311,132504
355,68831
213,34062
1345,216833
888,191617
838,186953
1238,229235
1256,223927
950,229521
1070,222809
629,113250
73,9389
635,129110
573,127091
530,99116
515,125481
1436,251286
472,80444
1104,193146
591,94364
1251,193880
821,154416
92,10406
572,93545
178,29978
25,2850
1145,176490
935,169633
1245,200148
1268,216640
1169,187453
1096,192120
508,71822
1334,208570
608,117155
955,188562
215,55400
1250,226254
314,71911
1293,203259
846,188898
761,173477
387,79810
1273,249813
943,198666
793,135912
1449,266932
1420,250724
188,40181
1481,249081
1315,200214
996,199852
251,58898
1339,237430
784,176596
124,28004
998,190230
349,89570
291,45193
998,149229
1421,263809
1162,221425
500,136225
539,74780
1035,181439
322,75082
795,134365
645,127701
585,108028
1112,213400
841,143555
1356,254596
813,269095
1089,181749
901,191121
1337,240480
547,135792
1107,191078
675,147756
1042,179039
474,100826
404,84413
407,81403
13,1532
368,52167
165,22572
424,60888
1095,200192
109,25257
1362,239166
1249,228497
1061,228482
955,168680
309,72603
692,108389
1363,231971
697,120259
1114,174735
149,22030
779,134943
510,120332
476,79532
1260,199220
107,13473
206,28239
530,104857
897,169775
750,128292
776,146789
1017,164193
1433,247209
378,53358
481,89012
118,16690
815,142614
878,161598
1205,196465
1298,221462
308,43849
1120,190087
1349,231614
41,3891
882,180672
1138,183481
905,164685
469,66323
460,94832
1056,169828
716,140419
617,99526
418,62236
1266,214852
1276,202169
402,63293
71,9840
981,203267
979,159065
1474,255049
183,24908
1143,193305
121,17119
648,147354
342,48553
1070,181483
881,161723
184,26244
224,26902
244,31024
1489,232235
1085,192099
997,161043
1429,247801
216,30816
1450,241828
1339,230946
957,157889
1343,229124
1426,226419
538,96400
218,33558
312,54899
633,100627
124,16956
68,7948
420,107525
675,106644
1034,174033
1396,241881
781,130946
1426,236109
1380,220237
1489,254404
1335,211069
1339,228124
71,7964
1391,229014
1054,188863
1203,193419
605,117735
1017,163419
756,143497
110,12850
949,162032
116,15774
303,64520
1366,217904
1097,196426
536,83958
708,114750
760,144484
433,62461
1486,230425
586,115152
542,86821
744,118763
368,54504
1249,209991
1440,229638
1265,217642
822,136775
541,87801
302,42400
711,113959
1438,246019
252,59977
299,78969
1412,243244
257,60221
193,53140
1430,238329
1226,227673
475,124911
1070,230223
151,23525
656,115141
595,134171
450,84735
645,132530
1183,228582
1347,216255
132,19656
1433,229755
30,3911
904,159249
990,193176
915,201933
1084,205072
237,37082
304,58506
381,59849
395,65418
1186,194661
6,439
729,128007
445,83000
635,105512
822,155006
682,115531
1267,216873
1069,173480
35,4017
480,103690
1398,218941
170,22878
146,21330
168,38411
472,100720
570,91609
711,113865
811,150255
747,124557
648,114264
1228,188680
710,123626
1224,190973
1222,213842
658,103475
324,51434
45,5464
1348,218831
181,23998
373,88245
16,3724
661,141143
150,19776
1319,216030
690,133719
553,91443
747,118060
916,166350
666,105729
1491,256477
1381,219305
1108,196117
1357,215660
1170,204733
1182,188447
591,114410
899,146870
433,74676
1347,227967
126,16035
1274,222980
1082,204535
212,30360
703,151531
97,34705
672,158968
1051,197781
808,154640
1428,255718
294,42709
1264,209340
401,61064
473,89345
737,127003
1137,185799
1372,246072
977,206001
810,179762
17,1836
682,128408
1192,212056
364,89839
72,18191
11,1725
947,216083
1099,183110
1050,193056
231,46628
299,45914
212,58774
1219,202140
704,123238
1152,180493
250,39282
1324,228142
1487,228568
1351,243293
1237,229271
1476,263154
446,98237
755,114050
1199,223789
1035,207443
33,3557
557,120165
609,144865
1150,221441
1452,260835
390,80094
975,186542
742,167447
724,147980
1485,321178
263,44560
1134,211254
702,124895
212,42725
1103,192596
360,53683
723,120892
1130,211020
89,12731
570,96772
271,43192
567,97201
648,127802
20,2164
740,123273
72,9796
531,111992
1082,188184
621,100491
606,95185
280,46474
1068,164919
963,178840
1254,229338
73,9178
1477,259823
1411,260237
36,4190
360,70868
1348,219978
601,142455
182,31361
478,116291
341,48019
1391,227077
128,18767
1010,177582
1123,234083
697,121582
666,140876
195,43736
909,157900
964,183487
321,52812
262,41873
1053,179372
354,54557
129,39643
1051,200530
595,102333
342,52916
528,107843
691,152880
1164,220859
492,126353
1343,248667
1073,206886
754,178165
162,50037
695,151874
1172,211261
1237,229634
1215,225226
1457,282287
275,55672
375,92692
298,66961
867,141786
762,131327
1224,217231
771,156007
196,82046
1210,207204
882,143919
398,65234
1307,205707
777,142759
883,184715
938,150943
946,179237
1266,235386
264,42481
46,5986
1041,206569
651,112021
1289,258530
499,99979
1157,199691
548,78398
406,71995
509,83979
771,156749
733,164721
842,182218
829,183995
1340,243120
839,187457
235,60529
1211,213860
916,189680
826,181950
879,174230
856,187145
1095,211552
1415,292801
947,173231
741,122383
1314,209171
1375,238493
1299,236476
1042,199188
113,25949
211,26640
892,160114
563,137925
161,49019
790,164635
543,135721
507,122686
747,143949
745,171321
1093,210799
88,21826
108,14123
612,121188
108,21020
546,130032
490,111997
890,132794
35,4075
1395,260479
192,37217
1490,248566
103,14767
527,137082
269,44553
839,147358
496,94534
1477,312932
344,57622
1260,199101
1390,247503
755,120068
293,50634
125,15815
1354,209289
605,117827
163,21552
269,59917
724,133898
474,67542
809,128102
132,18145
864,178071
594,126637
179,49471
794,163695
579,140396
286,65363
1246,183794
487,126232
314,70632
1409,219906
813,179440
600,151057
1421,268062
1175,211460
579,90758
1230,190076
633,121850
1335,212466
1102,195652
1151,183363
897,162916
80,8827
95,13175
222,27205
1342,223159
873,160819
662,104361
1263,193523
1069,190007
911,147942
1226,211637
1340,213418
1138,199992
396,96620
322,83779
1455,247988
1464,263381
313,72787
1440,238947
104,24682
619,125323
262,34150
863,132758
621,110275
1029,206737
1156,197657
1172,190871
357,77686
1013,199983
736,138426
997,206467
1397,230226
1064,176830
508,90524
1297,222019
379,54735
738,132837
1024,182374
1496,239250
633,122894
299,43423
1002,173485
561,113273
272,57547
1182,211324
163,25659
809,142231
251,69407
989,176941
360,53168
162,35564
935,163079
425,64592
1426,252240
85,11886
1399,264820
771,127269
920,150031
1339,231455
918,149425
331,48629
266,80297
100,14007
92,11448
668,133189
380,84840
751,142033
1034,202979
1115,204840
411,70091
638,138023
1325,231047
924,148936
1148,189535
997,188480
662,107415
1456,233149
556,100659
114,16529
611,157149
639,130988
719,148219
98,11192
906,158021
784,147184
976,179500
1198,225346
626,145844
388,93207
574,150731
1268,238160
901,206515
1241,262327
541,123060
1488,254794
1402,226811
281,47076
1294,205671
962,237516
554,97258
747,154738
1306,283309
1382,241237
1276,256446
1212,256494
182,29361
815,154340
1119,235060
102,13842
1064,202895
1211,225574
52,7110
939,143392
319,88183
201,32085
368,60510
38,5133
187,30725
206,31299
267,35933
189,29114
289,61589
1146,231155
846,168953
923,180973
87,13900
8,844
697,174103
429,77890
862,159768
1366,246879
608,151638
533,133341
1042,180336
1421,259434
5,421
180,42288
268,85085
1157,210454
663,150607
825,189242
1144,215734
1065,233855
905,204511
974,193793
376,64702
678,124770
388,63177
808,135440
864,221610
132,20710
363,61903
701,116138
527,77318
1272,196429
1416,235720
1126,212016
1160,267478
191,44458
172,22787
1306,194035
1109,218315
229,58280
981,156874
844,185508
835,176637
401,104981
344,45076
29,3746
1330,218569
1475,281828
242,40388
220,35298
745,121390
1449,226168
543,134240
68,8453
1375,253840
1336,242239
955,189735
1293,240256
1428,257335
995,200960
1221,225250
537,131340
107,15094
516,71280
963,142694
1087,201610
1034,193050
860,172859
622,117638
1002,176824
149,20286
204,49558
1229,197414
525,95050
257,38616
732,151514
994,180410
733,144265
981,180353
1162,208902
864,163563
486,85485
76,11320
728,157360
585,106403
597,105711
1024,169127
543,99530
1037,188835
642,118060
1179,212545
984,181144
736,146005
222,31270
758,130689
511,90535
689,129995
97,13457
430,96169
150,22761
31,3626
265,59463
1070,174021
872,166158
276,39732
407,77315
1190,212164
1416,250205
1408,247888
285,41398
1101,193499
1463,256143
851,160859
498,99350
1460,263925
1343,235398
1343,242552
1108,212031
171,50909
868,174447
290,68576
30,3228
607,116960
865,175913
373,59940
319,58105
977,153891
854,165980
458,80201
1046,146241
806,111584
920,126821
600,82038
151,17511
1145,158727
108,12209
1242,174746
196,24322
1076,150074
1419,205314
908,124694
1494,216377
36,3462
1051,145405
1393,200317
1113,153956
1179,163600
522,68193
117,13195
1109,153481
887,122528
1313,185314
1396,199074
566,75366
764,103336
637,83973
988,138114
837,114852
342,43809
1166,237537
735,146319
1134,202961
1290,223922
1478,257675
1447,250858
781,148760
1278,222991
278,40754
785,133734
889,166879
138,18161
1093,199917
805,155835
226,31559
1232,199960
284,40600
355,83094
1143,203475
888,165589
330,49309
994,164629
857,163207
827,156530
61,8289
261,57554
324,55953
602,80696
1234,171769
312,38492
202,25333
1210,222077
1163,206246
944,197962
697,163385
828,189775
499,128906
383,78911
269,53802
1211,209417
599,113171
341,77744
1493,296866
1079,212839
708,130159
425,66699
968,166850
1065,201926
1191,215032
401,81734
319,60281
433,89150
826,137267
1029,197812
1332,247416
466,122727
239,67465
508,114686
608,143606
238,59083
1266,214905
1286,232832
518,126719
805,145084
1474,304348
175,27620
822,160574
1129,196131
343,51639
290,56248
1473,264195
387,75697
1319,218680
653,117968
731,132647
253,36471
1113,203585
384,57970
269,42340
1004,183261
901,168878
1445,243406
373,55929
344,65913
2,196
1162,221815
924,161253
721,143680
93,13289
326,75082
904,124478
1309,185463
817,111811
1042,143480
1064,147709
499,63605
744,102453
724,98028
553,72660
930,128654
1299,181951
353,45214
443,57145
1040,143123
1129,157388
684,92230
1211,168742
49,5035
1330,186590
1450,208903
723,127108
857,137031
212,53614
1177,221879
877,187278
196,54922
20,2499
136,36960
1490,261675
1473,260168
168,49851
1095,225537
334,56653
834,213078
636,126263
717,123780
1253,264420
301,46303
182,28921
38,4962
721,163037
526,94699
624,120260
848,198920
1056,213045
341,78645
545,129766
575,98990
1152,206014
833,164164
630,116305
340,57405
194,41168
968,169924
1033,183094
469,89116
25,3129
1343,240045
259,37302
786,153205
1367,240508
1209,204145
1045,190463
837,149295
1148,206540
1148,192743
235,32466
715,144036
3,294
140,16950
445,97640
167,25197
1403,245786
1239,247032
75,10635
51,7042
425,94165
1083,196022
990,168649
445,76855
1100,178281
214,29771
847,162065
191,25277
135,19620
372,88266
565,97739
1312,204476
1099,201996
1273,210191
685,137582
445,88429
831,158155
71,10605
1320,228816
412,81512
980,209880
632,119219
1046,188728
392,77524
924,175085
1000,170310
1308,229621
1413,233944
414,72145
123,29488
202,39416
214,42123
499,105235
1349,236805
1424,240085
1403,244136
915,160944
342,52187
624,97530
213,26204
43,4290
325,41162
169,19841
645,85196
190,22861
1232,173193
1284,178048
580,77309
385,49720
503,65056
1385,198879
104,11454
541,71025
207,25230
1280,177527
422,54970
1383,197877
1268,225823
396,98337
1243,234320
47,6137
2,219
1201,252427
588,105355
597,119561
440,98069
649,123511
1013,224580
34,3229
683,145578
909,146889
1108,217711
1498,251053
1318,240154
504,128220
955,214110
743,196684
1235,318441
599,122420
1026,169679
472,116370
76,19755
367,90392
511,96055
1049,183792
1252,233894
339,72143
470,104829
28,2840
1033,235607
528,99926
1154,197650
978,200753
776,161566
957,189766
78,10772
1385,246813
304,67215
1371,211907
90,21283
916,181257
204,55892
298,67481
576,127653
686,101180
557,118258
845,187137
912,191879
422,84636
411,86262
32,4895
181,28866
601,128064
328,58565
676,101681
288,55907
1354,268128
299,42832
1392,238301
851,154040
483,96779
441,94247
242,44440
788,136297
1134,207806
1131,191872
1237,219359
870,155377
1394,230785
1302,237088
125,45150
116,32317
826,157752
1061,200125
1368,247897
230,58156
589,134820
754,184794
888,161614
241,45329
648,159666
895,192897
424,65545
496,85989
1297,219353
75,10211
139,27530
555,110232
735,146855
1332,280435
916,202133
641,119681
597,115637
513,94014
1015,139702
276,34310
1276,179351
573,76214
1098,153032
931,186359
602,140373
868,165799
1302,231451
399,111634
1407,255636
1194,224124
831,186348
549,134599
635,149377
162,57125
1246,199481
1074,244679
1403,267691
693,139842
336,65521
250,34476
665,131227
800,177641
1086,208948
71,8762
627,135719
1390,253256
683,163005
127,44597
788,164408
1333,242383
1219,225147
1319,238539
1077,207808
964,222996
399,87370
28,3693
1429,252717
585,114420
966,180123
1017,172357
78,11186
833,142542
580,122960
1436,257655
82,10180
345,68940
321,50568
24,2988
581,122431
1438,256890
86,11143
850,174994
165,49750
1079,202390
389,95311
188,26849
351,90927
1125,218194
1034,200500
541,133523
681,133456
1267,281153
48,7121
271,44585
11,1143
721,145773
1104,221032
953,211442
564,105781
994,144106
751,113966
1020,171349
963,187451
579,119941
1405,283485
1046,203838
1311,248093
12,1904
963,205132
1076,220501
883,168595
586,109878
547,92438
829,166954
942,166974
629,124631
1419,256399
1486,256419
509,117880
1454,213225
88,21316
803,207060
1054,193033
664,132856
914,202736
754,141574
872,188514
1427,302582
471,74733
14,1490
1022,190496
484,83685
900,147303
1433,260574
1269,213360
491,88975
303,67796
1371,228412
525,93367
742,136065
147,19883
1251,224318
1397,242029
1299,213647
778,173192
1124,178778
701,96121
108,12302
1227,173420
1425,204220
526,69797
1473,211056
858,138282
1182,166205
519,66895
144,16318
775,147000
1323,309582
499,85796
727,144105
864,166393
1087,196398
1332,234686
792,151460
14,1538
628,131683
756,146335
636,127609
1174,212501
3,308
996,189533
668,136399
808,154696
81,10758
1061,197265
223,31179
1443,237090
490,87570
873,155387
1473,255229
1484,256041
1399,242587
461,83727
252,50060
375,72506
1471,267250
1495,262282
820,160649
730,143226
1036,189975
1327,234739
38,4719
1110,268377
1394,254455
772,171388
502,125396
1477,265501
1147,216847
965,228862
1308,219895
977,182307
145,23120
1183,223325
770,153652
1224,222797
98,23217
519,106792
392,92979
820,182155
1030,192904
1459,255069
796,180617
1103,210760
624,137775
687,135854
48,5610
1171,213059
223,56206
153,18696
552,96421
1114,212629
716,135744
1145,205417
1197,200479
532,94585
303,59953
258,41055
504,90925
267,38175
1345,221030
603,109094
92,14331
1086,201051
356,56222
1392,214956
1463,248641
1132,192880
666,135852
993,171521
104,15292
1388,249149
117,16543
1406,249120
1213,216049
204,32852
39,5051
696,141562
974,170611
628,114198
42,5385
680,149120
633,117714
1480,259190
1400,231204
1408,251066
755,136028
1103,201299
55,7834
940,185975
947,162370
1323,232948
718,131455
276,40665
890,149716
91,12857
962,182305
30,3319
1498,269152
526,94159
348,69066
958,173772
1423,257232
474,74644
593,108949
1206,224700
1252,229897
963,196095
1209,247782
1218,251551
590,129437
938,178643
695,148415
784,166839
1062,201380
1042,189729
400,78610
86,12277
369,58215
164,22050
33,3338
1430,260070
1015,214134
333,54303
286,58294
35,4632
561,129237
330,48349
887,154307
788,154240
259,36595
514,94697
1001,181685
1398,248469
144,18489
631,130663
491,87988
1299,216203
658,116887
818,152466
702,138395
564,103037
401,78803
606,124240
1001,184390
1240,222504
755,146450
1451,254119
1456,252811
1204,194946
844,164700
324,47443
455,75060
1197,212086
755,147742
378,64410
1270,202985
231,32205
1459,256805
1005,186120
1129,203870
969,179128
1096,197481
1342,235415
1309,228729
147,18855
739,146461
769,147877
819,155416
1075,195514
1450,255198
1129,197597
442,85198
611,122313
1453,254121
430,105017
1432,211094
215,67868
450,109225
247,69688
681,147077
140,30961
1421,300277
1037,156441
1399,277053
802,155437
203,26690
490,108459
62,7779
606,130560
1298,230919
1148,205301
1051,190680
1410,248791
406,98006
387,91381
1131,195302
897,173269
55,6576
789,114270
985,180604
1176,212457
1214,290277
1101,224526
485,85344
705,140128
676,139103
1095,197516
166,21686
